111|1|63823511|0.0463|2025-05-09::09:56:15
116|1|63822955|0.4635|2025-05-09::09:56:15
11|1|eferf|0.0463|2025-05-09::09:56:15
96|1|efsdfs|4.6350|2025-05-09::09:56:15
98|1|fwesfs|4.6350|2025-05-09::09:56:15
70|1|Test Click Count Fixedqdq|4.6350|2025-05-09::09:56:15
118|1|63823410|0.2317|2025-05-09::09:56:15
140|1|sas|0.0463|2025-05-09::09:56:15
139|1|Hshsbs|0.0450|2025-05-09::09:56:15
120|1|63826650|0.0565|2025-05-09::09:56:15
107|1|sa|0.0463|2025-05-09::09:56:15
117|1|63823411|0.0927|2025-05-09::09:56:15
126|1|63827085|0.2549|2025-05-09::09:56:15
131|1|jhyjt|0.4635|2025-05-09::09:56:15
35|1|63817511|0.4635|2025-05-09::09:56:15
36|1|63817512|0.4635|2025-05-09::09:56:15
63|1|efdrgvdv|4.6350|2025-05-09::09:56:16
41|1|63817522|0.4635|2025-05-09::09:56:16
119|1|63823394|0.1391|2025-05-09::09:56:16
25|1|63816006|0.4635|2025-05-09::09:56:16
42|1|63817547|0.4635|2025-05-09::09:56:16
12|1|63811435|0.1622|2025-05-09::09:56:16
14|1|63811629|4.6350|2025-05-09::09:56:16
15|1|63812494|4.1715|2025-05-09::09:56:16
17|1|63813076|0.0510|2025-05-09::09:56:16
18|1|63814549|0.9270|2025-05-09::09:56:16
61|1|63820508|0.0139|2025-05-09::09:56:16
71|1|gtrtrgt|2.3175|2025-05-09::09:56:16
65|1|rgdrgd|4.6350|2025-05-09::09:56:16
130|1|qwdwd|0.0463|2025-05-09::09:56:16
100|1|cdsvfdvd|4.6350|2025-05-09::09:56:16
19|1|63815028|0.0463|2025-05-09::09:56:16
20|1|63815579|2.3175|2025-05-09::09:56:16
21|1|63815803|4.6350|2025-05-09::09:56:16
22|1|63815966|0.0139|2025-05-09::09:56:16
72|1|rtgfgtr|4.6350|2025-05-09::09:56:17
40|1|63817526|0.4635|2025-05-09::09:56:17
38|1|63817525|0.4635|2025-05-09::09:56:17
39|1|63817524|0.4635|2025-05-09::09:56:17
43|1|63817546|0.4635|2025-05-09::09:56:17
37|1|63817521|0.4635|2025-05-09::09:56:17
44|1|63817556|0.4635|2025-05-09::09:56:17
60|1|63820184|0.2317|2025-05-09::09:56:17
76|1|fxdfgfd|4.6350|2025-05-09::09:56:17
62|1|fsfvsfs|0.4635|2025-05-09::09:56:17
64|1|fedsgd|4.6350|2025-05-09::09:56:17
66|1|eddfdd|0.4635|2025-05-09::09:56:17
94|1|asasa|4.6350|2025-05-09::09:56:17
137|1|63828509|0.0139|2025-05-09::09:56:17
135|1|63827550|0.4635|2025-05-09::09:56:17
121|1|63826887|0.4635|2025-05-09::09:56:17
67|1|regvdd|4.6350|2025-05-09::09:56:17
73|1|erfefr|0.4635|2025-05-09::09:56:17
91|1|63821326|0.4635|2025-05-09::09:56:17
93|1|63821386|0.4635|2025-05-09::09:56:17
95|1|adsf|4.6350|2025-05-09::09:56:17
97|1|grrthyt|4.6350|2025-05-09::09:56:18
99|1|qswad|0.4635|2025-05-09::09:56:18
101|1|rfref|4.6350|2025-05-09::09:56:18
104|1|grdf|0.0463|2025-05-09::09:56:18
112|1|63824065|0.0575|2025-05-09::09:56:18
115|1|63823402|0.1854|2025-05-09::09:56:18
123|1|daedawd|1.8540|2025-05-09::09:56:18
128|1|rfdrede|0.7416|2025-05-09::09:56:18
125|1|rfeswrfewrf|1.8540|2025-05-09::09:56:18
133|1|Hshshsh|0.0463|2025-05-09::09:56:18
141|1|63828766|0.2317|2025-05-09::09:56:18
